#  time (s)        counts/s
 0.00000000e+00 1.03602399e+03
 1.00000000e+00 1.03090785e+03
 2.00000000e+00 1.07038476e+03
 3.00000000e+00 1.02977054e+03
 4.00000000e+00 9.91569141e+02
 5.00000000e+00 1.00713482e+03
 6.00000000e+00 1.07364200e+03
 7.00000000e+00 1.06032903e+03
 8.00000000e+00 1.03813806e+03
 9.00000000e+00 1.03235703e+03
 1.00000000e+01 1.01289351e+03
 1.10000000e+01 1.04794865e+03
 1.20000000e+01 1.02601290e+03
 1.30000000e+01 1.08217642e+03
 1.40000000e+01 1.05688752e+03
 1.50000000e+01 1.06053545e+03
 1.60000000e+01 1.06751950e+03
 1.70000000e+01 1.07472509e+03
 1.80000000e+01 1.04522345e+03
 1.90000000e+01 1.01136765e+03
 2.00000000e+01 1.04980239e+03
 2.10000000e+01 9.97644125e+02
 2.20000000e+01 1.03078205e+03
 2.30000000e+01 9.91106685e+02
 2.40000000e+01 1.04988682e+03
 2.50000000e+01 1.05176393e+03
 2.60000000e+01 1.00667184e+03
 2.70000000e+01 9.87785603e+02
 2.80000000e+01 1.02427801e+03
 2.90000000e+01 9.88368483e+02
 3.00000000e+01 9.69261018e+02
 3.10000000e+01 1.08632635e+03
 3.20000000e+01 1.01514983e+03
 3.30000000e+01 1.01465454e+03
 3.40000000e+01 1.01846633e+03
 3.50000000e+01 1.05200313e+03
 3.60000000e+01 9.93568663e+02
 3.70000000e+01 9.39462828e+02
 3.80000000e+01 1.08965539e+03
 3.90000000e+01 9.96226344e+02
 4.00000000e+01 1.03188306e+03
 4.10000000e+01 1.04885825e+03
 4.20000000e+01 9.88853958e+02
 4.30000000e+01 1.02405286e+03
 4.40000000e+01 1.06168929e+03
 4.50000000e+01 1.08646437e+03
 4.60000000e+01 1.02559722e+03
 4.70000000e+01 1.02271255e+03
 4.80000000e+01 1.02146095e+03
 4.90000000e+01 1.05708831e+03
 5.00000000e+01 9.78903307e+02
 5.10000000e+01 1.02800859e+03
 5.20000000e+01 1.03576473e+03
 5.30000000e+01 1.06922146e+03
 5.40000000e+01 1.02402420e+03
 5.50000000e+01 1.09186639e+03
 5.60000000e+01 9.45316673e+02
 5.70000000e+01 9.95732818e+02
 5.80000000e+01 1.04510493e+03
 5.90000000e+01 1.00002932e+03
 6.00000000e+01 9.98548054e+02
 6.10000000e+01 1.04741727e+03
 6.20000000e+01 1.01636961e+03
 6.30000000e+01 1.00609986e+03
 6.40000000e+01 1.01040202e+03
 6.50000000e+01 1.07439179e+03
 6.60000000e+01 9.84843780e+02
 6.70000000e+01 9.84817885e+02
 6.80000000e+01 1.01230662e+03
 6.90000000e+01 9.80675730e+02
 7.00000000e+01 1.03896046e+03
 7.10000000e+01 1.10591082e+03
 7.20000000e+01 9.98888215e+02
 7.30000000e+01 1.02681718e+03
 7.40000000e+01 1.00240875e+03
 7.50000000e+01 9.90484340e+02
 7.60000000e+01 1.00169872e+03
 7.70000000e+01 1.00419687e+03
 7.80000000e+01 1.01698056e+03
 7.90000000e+01 1.08791663e+03
 8.00000000e+01 1.04347612e+03
 8.10000000e+01 1.03466215e+03
 8.20000000e+01 1.06165461e+03
 8.30000000e+01 1.08887662e+03
 8.40000000e+01 1.02578600e+03
 8.50000000e+01 1.02150569e+03
 8.60000000e+01 1.07507454e+03
 8.70000000e+01 1.10954979e+03
 8.80000000e+01 1.05835543e+03
 8.90000000e+01 1.02535006e+03
 9.00000000e+01 1.08003048e+03
 9.10000000e+01 1.05862160e+03
 9.20000000e+01 1.08269829e+03
 9.30000000e+01 1.00635185e+03
 9.40000000e+01 1.04306783e+03
 9.50000000e+01 9.88593258e+02
 9.60000000e+01 1.06605037e+03
 9.70000000e+01 1.05417485e+03
 9.80000000e+01 1.04379996e+03
 9.90000000e+01 1.06627618e+03
 1.00000000e+02 1.05160547e+03
 1.01000000e+02 1.05009791e+03
 1.02000000e+02 9.85602517e+02
 1.03000000e+02 1.03061672e+03
 1.04000000e+02 1.05148843e+03
 1.05000000e+02 9.66537120e+02
 1.06000000e+02 9.76467006e+02
 1.07000000e+02 9.89317104e+02
 1.08000000e+02 1.01701938e+03
 1.09000000e+02 1.02220631e+03
 1.10000000e+02 1.03207536e+03
 1.11000000e+02 1.04980486e+03
 1.12000000e+02 9.64121803e+02
 1.13000000e+02 9.90477438e+02
 1.14000000e+02 9.94140901e+02
 1.15000000e+02 1.00557336e+03
 1.16000000e+02 1.01837689e+03
 1.17000000e+02 1.05678110e+03
 1.18000000e+02 1.00209672e+03
 1.19000000e+02 9.95330135e+02
 1.20000000e+02 1.03033400e+03
 1.21000000e+02 1.07982569e+03
 1.22000000e+02 1.02426366e+03
 1.23000000e+02 1.02813541e+03
 1.24000000e+02 9.88531858e+02
 1.25000000e+02 1.05347128e+03
 1.26000000e+02 1.04169986e+03
 1.27000000e+02 1.07050546e+03
 1.28000000e+02 9.87271365e+02
 1.29000000e+02 1.05113543e+03
 1.30000000e+02 1.05487647e+03
 1.31000000e+02 1.06186265e+03
 1.32000000e+02 1.07746865e+03
 1.33000000e+02 1.09136926e+03
 1.34000000e+02 1.00706442e+03
 1.35000000e+02 1.06174904e+03
 1.36000000e+02 1.02794316e+03
 1.37000000e+02 1.02662491e+03
 1.38000000e+02 1.04679072e+03
 1.39000000e+02 1.04008737e+03
 1.40000000e+02 1.02134869e+03
 1.41000000e+02 1.04084283e+03
 1.42000000e+02 1.01963302e+03
 1.43000000e+02 1.03814666e+03
 1.44000000e+02 9.73473178e+02
 1.45000000e+02 1.02314817e+03
 1.46000000e+02 1.02158061e+03
 1.47000000e+02 9.70473199e+02
 1.48000000e+02 1.06595422e+03
 1.49000000e+02 9.86929390e+02
 1.50000000e+02 1.04091805e+03
 1.51000000e+02 1.02828045e+03
 1.52000000e+02 9.77490598e+02
 1.53000000e+02 1.02116120e+03
 1.54000000e+02 1.04164839e+03
 1.55000000e+02 9.77526426e+02
 1.56000000e+02 9.65486604e+02
 1.57000000e+02 9.92982579e+02
 1.58000000e+02 1.00607436e+03
 1.59000000e+02 1.03966184e+03
 1.60000000e+02 1.02706272e+03
 1.61000000e+02 1.05258907e+03
 1.62000000e+02 1.05352420e+03
 1.63000000e+02 1.10259764e+03
 1.64000000e+02 1.04884529e+03
 1.65000000e+02 1.03250632e+03
 1.66000000e+02 1.02585362e+03
 1.67000000e+02 1.02552605e+03
 1.68000000e+02 1.07478002e+03
 1.69000000e+02 1.04888724e+03
 1.70000000e+02 1.02984923e+03
 1.71000000e+02 1.04258398e+03
 1.72000000e+02 1.01382461e+03
 1.73000000e+02 1.06266856e+03
 1.74000000e+02 1.00186433e+03
 1.75000000e+02 1.01563576e+03
 1.76000000e+02 1.05957302e+03
 1.77000000e+02 1.04295497e+03
 1.78000000e+02 1.04488579e+03
 1.79000000e+02 1.04182559e+03
 1.80000000e+02 1.03814758e+03
 1.81000000e+02 9.67467603e+02
 1.82000000e+02 1.03635510e+03
 1.83000000e+02 9.63558867e+02
 1.84000000e+02 1.06827561e+03
 1.85000000e+02 1.04693567e+03
 1.86000000e+02 1.04254857e+03
 1.87000000e+02 1.04595126e+03
 1.88000000e+02 1.02136755e+03
 1.89000000e+02 1.03744248e+03
 1.90000000e+02 9.58715869e+02
 1.91000000e+02 1.03815565e+03
 1.92000000e+02 1.04113004e+03
 1.93000000e+02 9.85249311e+02
 1.94000000e+02 1.01653278e+03
 1.95000000e+02 1.05374467e+03
 1.96000000e+02 1.04998254e+03
 1.97000000e+02 1.03701720e+03
 1.98000000e+02 1.00292835e+03
 1.99000000e+02 1.06288782e+03
 2.00000000e+02 1.04521897e+03
 2.01000000e+02 1.02484916e+03
 2.02000000e+02 1.05747185e+03
 2.03000000e+02 9.60843744e+02
 2.04000000e+02 1.09029091e+03
 2.05000000e+02 1.00907713e+03
 2.06000000e+02 1.05722419e+03
 2.07000000e+02 1.03315340e+03
 2.08000000e+02 1.02570732e+03
 2.09000000e+02 1.04633856e+03
 2.10000000e+02 1.02059921e+03
 2.11000000e+02 1.05242897e+03
 2.12000000e+02 1.00644127e+03
 2.13000000e+02 1.07272431e+03
 2.14000000e+02 1.07560060e+03
 2.15000000e+02 1.03195656e+03
 2.16000000e+02 1.05030455e+03
 2.17000000e+02 1.01089555e+03
 2.18000000e+02 1.00207350e+03
 2.19000000e+02 1.05002431e+03
 2.20000000e+02 9.73409476e+02
 2.21000000e+02 1.06358948e+03
 2.22000000e+02 9.67536260e+02
 2.23000000e+02 9.59043962e+02
 2.24000000e+02 9.82421298e+02
 2.25000000e+02 9.79692060e+02
 2.26000000e+02 9.95127797e+02
 2.27000000e+02 1.03875709e+03
 2.28000000e+02 9.71662571e+02
 2.29000000e+02 9.86239577e+02
 2.30000000e+02 1.07235287e+03
 2.31000000e+02 9.78072448e+02
 2.32000000e+02 1.03253389e+03
 2.33000000e+02 1.00051433e+03
 2.34000000e+02 9.89484043e+02
 2.35000000e+02 1.02219191e+03
 2.36000000e+02 1.00617984e+03
 2.37000000e+02 1.01920618e+03
 2.38000000e+02 1.05423135e+03
 2.39000000e+02 9.96938092e+02
 2.40000000e+02 1.05367311e+03
 2.41000000e+02 1.05990606e+03
 2.42000000e+02 1.05165600e+03
 2.43000000e+02 1.02622896e+03
 2.44000000e+02 1.04423307e+03
 2.45000000e+02 1.00496844e+03
 2.46000000e+02 1.06231279e+03
 2.47000000e+02 9.94123531e+02
 2.48000000e+02 1.03605555e+03
 2.49000000e+02 1.03065486e+03
 2.50000000e+02 1.10884858e+03
 2.51000000e+02 1.11401960e+03
 2.52000000e+02 1.01898812e+03
 2.53000000e+02 1.05973403e+03
 2.54000000e+02 1.06857386e+03
 2.55000000e+02 1.05463305e+03
 2.56000000e+02 1.02887183e+03
 2.57000000e+02 1.02939153e+03
 2.58000000e+02 1.05307059e+03
 2.59000000e+02 9.89629252e+02
 2.60000000e+02 1.00722902e+03
 2.61000000e+02 1.07499092e+03
 2.62000000e+02 1.04151309e+03
 2.63000000e+02 1.03719773e+03
 2.64000000e+02 9.86205728e+02
 2.65000000e+02 1.03399814e+03
 2.66000000e+02 1.03880861e+03
 2.67000000e+02 1.01263118e+03
 2.68000000e+02 1.00341216e+03
 2.69000000e+02 1.01689100e+03
 2.70000000e+02 1.04415112e+03
 2.71000000e+02 9.88447888e+02
 2.72000000e+02 1.04256850e+03
 2.73000000e+02 9.84140016e+02
 2.74000000e+02 9.91429185e+02
 2.75000000e+02 1.01907134e+03
 2.76000000e+02 1.03864004e+03
 2.77000000e+02 9.95391995e+02
 2.78000000e+02 1.00986160e+03
 2.79000000e+02 1.04522432e+03
 2.80000000e+02 9.84372765e+02
 2.81000000e+02 1.07887697e+03
 2.82000000e+02 1.02397917e+03
 2.83000000e+02 1.06302174e+03
 2.84000000e+02 1.05332070e+03
 2.85000000e+02 1.03189554e+03
 2.86000000e+02 9.91208116e+02
 2.87000000e+02 1.02550135e+03
 2.88000000e+02 1.02639633e+03
 2.89000000e+02 9.66934953e+02
 2.90000000e+02 1.04643945e+03
 2.91000000e+02 1.06768418e+03
 2.92000000e+02 1.05137332e+03
 2.93000000e+02 1.00385978e+03
 2.94000000e+02 1.05368942e+03
 2.95000000e+02 1.04184269e+03
 2.96000000e+02 1.04297229e+03
 2.97000000e+02 1.02708529e+03
 2.98000000e+02 1.03944291e+03
 2.99000000e+02 1.05715121e+03
 3.00000000e+02 1.07036655e+03
 3.01000000e+02 1.00994742e+03
 3.02000000e+02 1.05279714e+03
 3.03000000e+02 1.00175763e+03
 3.04000000e+02 1.01894120e+03
 3.05000000e+02 1.08743991e+03
 3.06000000e+02 1.04681052e+03
 3.07000000e+02 1.01971650e+03
 3.08000000e+02 1.02675055e+03
 3.09000000e+02 9.27789064e+02
 3.10000000e+02 9.86804863e+02
 3.11000000e+02 1.01177472e+03
 3.12000000e+02 1.00935494e+03
 3.13000000e+02 1.02381241e+03
 3.14000000e+02 1.01655315e+03
 3.15000000e+02 1.02554579e+03
 3.16000000e+02 1.06666446e+03
 3.17000000e+02 9.98696845e+02
 3.18000000e+02 1.04525344e+03
 3.19000000e+02 9.92544805e+02
 3.20000000e+02 1.06036983e+03
 3.21000000e+02 1.08414597e+03
 3.22000000e+02 1.03585842e+03
 3.23000000e+02 1.03937120e+03
 3.24000000e+02 9.83243970e+02
 3.25000000e+02 1.04213953e+03
 3.26000000e+02 1.02004376e+03
 3.27000000e+02 1.04685949e+03
 3.28000000e+02 1.04146806e+03
 3.29000000e+02 1.04073304e+03
 3.30000000e+02 1.07536628e+03
 3.31000000e+02 1.04560138e+03
 3.32000000e+02 1.05150352e+03
 3.33000000e+02 1.10262405e+03
 3.34000000e+02 1.07077785e+03
 3.35000000e+02 9.84326968e+02
 3.36000000e+02 1.02665118e+03
 3.37000000e+02 1.06033339e+03
 3.38000000e+02 1.03725913e+03
 3.39000000e+02 1.01407761e+03
 3.40000000e+02 1.02991477e+03
 3.41000000e+02 1.00633984e+03
 3.42000000e+02 1.00403601e+03
 3.43000000e+02 9.79867605e+02
 3.44000000e+02 1.00518151e+03
 3.45000000e+02 1.06330875e+03
 3.46000000e+02 1.02592701e+03
 3.47000000e+02 9.83550990e+02
 3.48000000e+02 9.80561668e+02
 3.49000000e+02 1.02229624e+03
 3.50000000e+02 9.97257053e+02
 3.51000000e+02 9.84134021e+02
 3.52000000e+02 9.72503733e+02
 3.53000000e+02 9.96109064e+02
 3.54000000e+02 1.01423161e+03
 3.55000000e+02 1.02922537e+03
 3.56000000e+02 1.03667759e+03
 3.57000000e+02 1.00029376e+03
 3.58000000e+02 1.08315738e+03
 3.59000000e+02 1.03166402e+03
 3.60000000e+02 1.04344261e+03
 3.61000000e+02 9.85422774e+02
 3.62000000e+02 1.03783054e+03
 3.63000000e+02 1.02521996e+03
 3.64000000e+02 1.03253730e+03
 3.65000000e+02 1.02711965e+03
 3.66000000e+02 1.06521106e+03
 3.67000000e+02 1.04133322e+03
 3.68000000e+02 1.08820554e+03
 3.69000000e+02 1.09597488e+03
 3.70000000e+02 1.00493982e+03
 3.71000000e+02 1.07552356e+03
 3.72000000e+02 1.09182847e+03
 3.73000000e+02 1.04942588e+03
 3.74000000e+02 9.89687690e+02
 3.75000000e+02 1.01932009e+03
 3.76000000e+02 1.08066699e+03
 3.77000000e+02 1.00551344e+03
 3.78000000e+02 1.03422025e+03
 3.79000000e+02 1.03099620e+03
 3.80000000e+02 1.05660569e+03
 3.81000000e+02 1.08403268e+03
 3.82000000e+02 1.03980720e+03
 3.83000000e+02 1.04506953e+03
 3.84000000e+02 1.00232704e+03
 3.85000000e+02 1.03311635e+03
 3.86000000e+02 1.01975006e+03
 3.87000000e+02 1.01049487e+03
 3.88000000e+02 1.01225032e+03
 3.89000000e+02 9.89285909e+02
 3.90000000e+02 1.00275100e+03
 3.91000000e+02 9.95246920e+02
 3.92000000e+02 1.04605782e+03
 3.93000000e+02 9.91764966e+02
 3.94000000e+02 9.82754273e+02
 3.95000000e+02 1.02573889e+03
 3.96000000e+02 1.03517923e+03
 3.97000000e+02 9.82005370e+02
 3.98000000e+02 1.10170401e+03
 3.99000000e+02 1.05763799e+03
 4.00000000e+02 9.92083134e+02
 4.01000000e+02 1.00477215e+03
 4.02000000e+02 1.01950998e+03
 4.03000000e+02 1.06561703e+03
 4.04000000e+02 1.04703217e+03
 4.05000000e+02 1.05840697e+03
 4.06000000e+02 1.04614596e+03
 4.07000000e+02 1.08733807e+03
 4.08000000e+02 1.03925074e+03
 4.09000000e+02 1.09338055e+03
 4.10000000e+02 1.03270240e+03
 4.11000000e+02 1.03740694e+03
 4.12000000e+02 1.05774101e+03
 4.13000000e+02 1.05574622e+03
 4.14000000e+02 1.02815916e+03
 4.15000000e+02 1.08708833e+03
 4.16000000e+02 1.03558844e+03
 4.17000000e+02 1.05349935e+03
 4.18000000e+02 1.06033808e+03
 4.19000000e+02 1.06821501e+03
 4.20000000e+02 9.99121649e+02
 4.21000000e+02 1.02868502e+03
 4.22000000e+02 1.04181846e+03
 4.23000000e+02 1.09810661e+03
 4.24000000e+02 1.00206272e+03
 4.25000000e+02 9.94465800e+02
 4.26000000e+02 1.03410835e+03
 4.27000000e+02 1.04421443e+03
 4.28000000e+02 9.88077189e+02
 4.29000000e+02 1.02642675e+03
 4.30000000e+02 1.05080840e+03
 4.31000000e+02 9.85710117e+02
 4.32000000e+02 1.01340662e+03
 4.33000000e+02 1.00966847e+03
 4.34000000e+02 1.02029354e+03
 4.35000000e+02 1.02057119e+03
 4.36000000e+02 1.02240263e+03
 4.37000000e+02 9.72564133e+02
 4.38000000e+02 1.04787885e+03
 4.39000000e+02 1.04626242e+03
 4.40000000e+02 1.02251719e+03
 4.41000000e+02 1.02717867e+03
 4.42000000e+02 9.96962182e+02
 4.43000000e+02 1.08221192e+03
 4.44000000e+02 1.03169593e+03
 4.45000000e+02 1.08725171e+03
 4.46000000e+02 1.04904912e+03
 4.47000000e+02 1.07157005e+03
 4.48000000e+02 1.02488222e+03
 4.49000000e+02 1.04024331e+03
 4.50000000e+02 1.06344275e+03
 4.51000000e+02 1.08519968e+03
 4.52000000e+02 1.00438214e+03
 4.53000000e+02 1.09077475e+03
 4.54000000e+02 1.12886771e+03
 4.55000000e+02 1.06548474e+03
 4.56000000e+02 1.02677118e+03
 4.57000000e+02 1.02182805e+03
 4.58000000e+02 1.01981691e+03
 4.59000000e+02 1.00067758e+03
 4.60000000e+02 1.07683816e+03
 4.61000000e+02 1.03468939e+03
 4.62000000e+02 9.97586009e+02
 4.63000000e+02 1.04346872e+03
 4.64000000e+02 1.05155857e+03
 4.65000000e+02 1.02851926e+03
 4.66000000e+02 9.99530816e+02
 4.67000000e+02 1.00599061e+03
 4.68000000e+02 1.05982518e+03
 4.69000000e+02 9.49683611e+02
 4.70000000e+02 1.07846683e+03
 4.71000000e+02 1.06236667e+03
 4.72000000e+02 9.93374508e+02
 4.73000000e+02 1.01555760e+03
 4.74000000e+02 1.10515701e+03
 4.75000000e+02 1.01574151e+03
 4.76000000e+02 1.09699559e+03
 4.77000000e+02 1.02094018e+03
 4.78000000e+02 1.02208031e+03
 4.79000000e+02 1.07670443e+03
 4.80000000e+02 1.01696023e+03
 4.81000000e+02 1.05067211e+03
 4.82000000e+02 1.03508028e+03
 4.83000000e+02 1.06858533e+03
 4.84000000e+02 1.04654587e+03
 4.85000000e+02 1.00576720e+03
 4.86000000e+02 1.05648078e+03
 4.87000000e+02 9.98318893e+02
 4.88000000e+02 1.06872789e+03
 4.89000000e+02 1.04026251e+03
 4.90000000e+02 1.03974912e+03
 4.91000000e+02 1.09704195e+03
 4.92000000e+02 1.02219608e+03
 4.93000000e+02 1.01228427e+03
 4.94000000e+02 1.00417566e+03
 4.95000000e+02 1.06256685e+03
 4.96000000e+02 1.02110255e+03
 4.97000000e+02 1.02733604e+03
 4.98000000e+02 1.05689821e+03
 4.99000000e+02 1.10000906e+03
 5.00000000e+02 1.03100345e+03
 5.01000000e+02 1.00020735e+03
 5.02000000e+02 9.99476090e+02
 5.03000000e+02 1.02862963e+03
 5.04000000e+02 1.07851971e+03
 5.05000000e+02 1.00936913e+03
 5.06000000e+02 1.06005370e+03
 5.07000000e+02 1.01945094e+03
 5.08000000e+02 9.88260007e+02
 5.09000000e+02 1.04617464e+03
 5.10000000e+02 1.03202779e+03
 5.11000000e+02 1.00348144e+03
 5.12000000e+02 1.00794924e+03
 5.13000000e+02 1.03264200e+03
 5.14000000e+02 9.76440753e+02
 5.15000000e+02 9.88550532e+02
 5.16000000e+02 1.01087690e+03
 5.17000000e+02 9.81375236e+02
 5.18000000e+02 9.99377234e+02
 5.19000000e+02 1.06084402e+03
 5.20000000e+02 1.03589317e+03
 5.21000000e+02 9.77854700e+02
 5.22000000e+02 1.01600178e+03
 5.23000000e+02 1.02775252e+03
 5.24000000e+02 1.02487911e+03
 5.25000000e+02 1.02851804e+03
 5.26000000e+02 1.07695794e+03
 5.27000000e+02 1.07303658e+03
 5.28000000e+02 1.02708646e+03
 5.29000000e+02 1.00359586e+03
 5.30000000e+02 1.01901935e+03
 5.31000000e+02 1.09287638e+03
 5.32000000e+02 1.04293345e+03
 5.33000000e+02 1.05261962e+03
 5.34000000e+02 1.06958128e+03
 5.35000000e+02 1.05955484e+03
 5.36000000e+02 1.00219463e+03
 5.37000000e+02 1.05698565e+03
 5.38000000e+02 9.57648854e+02
 5.39000000e+02 9.86921263e+02
 5.40000000e+02 1.01054373e+03
 5.41000000e+02 1.02715788e+03
 5.42000000e+02 1.07111785e+03
 5.43000000e+02 1.00039109e+03
 5.44000000e+02 1.01664686e+03
 5.45000000e+02 9.69476571e+02
 5.46000000e+02 9.99684488e+02
 5.47000000e+02 9.83825409e+02
 5.48000000e+02 1.05492013e+03
 5.49000000e+02 1.01241565e+03
 5.50000000e+02 1.04392716e+03
 5.51000000e+02 1.02912252e+03
 5.52000000e+02 1.05481925e+03
 5.53000000e+02 1.04568183e+03
 5.54000000e+02 1.04097424e+03
 5.55000000e+02 1.04827467e+03
 5.56000000e+02 1.03046288e+03
 5.57000000e+02 1.04210916e+03
 5.58000000e+02 1.01061852e+03
 5.59000000e+02 1.03847378e+03
 5.60000000e+02 1.03550284e+03
 5.61000000e+02 1.01428754e+03
 5.62000000e+02 1.03263046e+03
 5.63000000e+02 1.07598897e+03
 5.64000000e+02 1.00130815e+03
 5.65000000e+02 1.03642956e+03
 5.66000000e+02 1.00259652e+03
 5.67000000e+02 1.08040105e+03
 5.68000000e+02 1.08408827e+03
 5.69000000e+02 1.08853748e+03
 5.70000000e+02 1.03168233e+03
 5.71000000e+02 1.02673048e+03
 5.72000000e+02 1.08270888e+03
 5.73000000e+02 1.02937563e+03
 5.74000000e+02 1.01581136e+03
 5.75000000e+02 1.00991302e+03
 5.76000000e+02 1.03303823e+03
 5.77000000e+02 1.05104909e+03
 5.78000000e+02 9.88557554e+02
 5.79000000e+02 9.89030706e+02
 5.80000000e+02 1.02146391e+03
 5.81000000e+02 1.06546772e+03
 5.82000000e+02 9.76996458e+02
 5.83000000e+02 9.88407284e+02
 5.84000000e+02 9.78582539e+02
 5.85000000e+02 9.66481573e+02
 5.86000000e+02 1.03656467e+03
 5.87000000e+02 1.06164007e+03
 5.88000000e+02 1.06140958e+03
 5.89000000e+02 9.97003248e+02
 5.90000000e+02 1.00848802e+03
 5.91000000e+02 1.00780333e+03
 5.92000000e+02 1.06277621e+03
 5.93000000e+02 1.02961526e+03
 5.94000000e+02 1.02816094e+03
 5.95000000e+02 9.76831198e+02
 5.96000000e+02 9.91694002e+02
 5.97000000e+02 1.01467889e+03
 5.98000000e+02 1.00813832e+03
 5.99000000e+02 1.04032537e+03
 6.00000000e+02 9.98516143e+02
 6.01000000e+02 1.02804406e+03
 6.02000000e+02 1.07371678e+03
 6.03000000e+02 1.06863790e+03
 6.04000000e+02 1.08103502e+03
 6.05000000e+02 1.09489172e+03
 6.06000000e+02 1.00935498e+03
 6.07000000e+02 1.03633717e+03
 6.08000000e+02 1.07371521e+03
 6.09000000e+02 1.10189149e+03
 6.10000000e+02 1.03173004e+03
 6.11000000e+02 1.01955263e+03
 6.12000000e+02 1.03215864e+03
 6.13000000e+02 1.01769057e+03
 6.14000000e+02 1.05345610e+03
 6.15000000e+02 1.05655533e+03
 6.16000000e+02 1.03890353e+03
 6.17000000e+02 9.97994269e+02
 6.18000000e+02 1.06828163e+03
 6.19000000e+02 9.77043699e+02
 6.20000000e+02 1.01907534e+03
 6.21000000e+02 1.04265284e+03
 6.22000000e+02 1.04156286e+03
 6.23000000e+02 1.05958676e+03
 6.24000000e+02 1.03701326e+03
 6.25000000e+02 1.01639269e+03
 6.26000000e+02 1.01766749e+03
 6.27000000e+02 9.55700227e+02
 6.28000000e+02 1.02025440e+03
 6.29000000e+02 1.06961233e+03
 6.30000000e+02 9.86000268e+02
 6.31000000e+02 1.02597285e+03
 6.32000000e+02 9.81077448e+02
 6.33000000e+02 1.02215013e+03
 6.34000000e+02 1.00634926e+03
 6.35000000e+02 1.04470663e+03
 6.36000000e+02 1.01096328e+03
 6.37000000e+02 1.05458465e+03
 6.38000000e+02 1.01370543e+03
 6.39000000e+02 1.04447899e+03
 6.40000000e+02 1.10062948e+03
 6.41000000e+02 1.06874396e+03
 6.42000000e+02 1.10989788e+03
 6.43000000e+02 1.06805275e+03
 6.44000000e+02 1.01758538e+03
 6.45000000e+02 1.07224909e+03
 6.46000000e+02 1.02017306e+03
 6.47000000e+02 1.05575795e+03
 6.48000000e+02 1.08792509e+03
 6.49000000e+02 1.03964844e+03
 6.50000000e+02 1.05879081e+03
 6.51000000e+02 1.00581103e+03
 6.52000000e+02 1.03382988e+03
 6.53000000e+02 1.01294952e+03
 6.54000000e+02 1.05069583e+03
 6.55000000e+02 1.04586406e+03
 6.56000000e+02 1.04986719e+03
 6.57000000e+02 1.05531492e+03
 6.58000000e+02 1.01345568e+03
 6.59000000e+02 1.02944454e+03
 6.60000000e+02 1.05185986e+03
 6.61000000e+02 1.07478923e+03
 6.62000000e+02 1.03828610e+03
 6.63000000e+02 1.02490505e+03
 6.64000000e+02 1.06553482e+03
 6.65000000e+02 9.79614320e+02
 6.66000000e+02 9.68812171e+02
 6.67000000e+02 9.95077145e+02
 6.68000000e+02 1.02924357e+03
 6.69000000e+02 9.88069592e+02
 6.70000000e+02 1.01164541e+03
 6.71000000e+02 1.01965715e+03
 6.72000000e+02 1.01925703e+03
 6.73000000e+02 1.03904581e+03
 6.74000000e+02 1.03475605e+03
 6.75000000e+02 9.58190117e+02
 6.76000000e+02 1.02285311e+03
 6.77000000e+02 1.01884603e+03
 6.78000000e+02 1.08428453e+03
 6.79000000e+02 1.02846054e+03
 6.80000000e+02 1.10132169e+03
 6.81000000e+02 1.04048992e+03
 6.82000000e+02 1.06084129e+03
 6.83000000e+02 1.06604831e+03
 6.84000000e+02 1.05096149e+03
 6.85000000e+02 1.09018601e+03
 6.86000000e+02 1.09053742e+03
 6.87000000e+02 1.01004257e+03
 6.88000000e+02 1.06442319e+03
 6.89000000e+02 1.06846141e+03
 6.90000000e+02 1.00050944e+03
 6.91000000e+02 1.05027419e+03
 6.92000000e+02 1.07105690e+03
 6.93000000e+02 1.05412081e+03
 6.94000000e+02 1.01099446e+03
 6.95000000e+02 1.07870309e+03
 6.96000000e+02 1.02760544e+03
 6.97000000e+02 1.01777083e+03
 6.98000000e+02 1.06250979e+03
 6.99000000e+02 1.05299712e+03
 7.00000000e+02 1.03282429e+03
 7.01000000e+02 1.01045972e+03
 7.02000000e+02 9.93846455e+02
 7.03000000e+02 1.05534215e+03
 7.04000000e+02 1.07072134e+03
 7.05000000e+02 1.02910240e+03
 7.06000000e+02 1.03913389e+03
 7.07000000e+02 1.00630892e+03
 7.08000000e+02 1.02388170e+03
 7.09000000e+02 1.00916944e+03
 7.10000000e+02 1.00812102e+03
 7.11000000e+02 1.01555350e+03
 7.12000000e+02 1.04600817e+03
 7.13000000e+02 1.04087607e+03
 7.14000000e+02 9.89123849e+02
 7.15000000e+02 9.75950932e+02
 7.16000000e+02 1.05632301e+03
 7.17000000e+02 9.76315353e+02
 7.18000000e+02 1.01146377e+03
 7.19000000e+02 1.01806547e+03
 7.20000000e+02 1.07538653e+03
 7.21000000e+02 9.95844541e+02
 7.22000000e+02 1.01700616e+03
 7.23000000e+02 1.03794922e+03
 7.24000000e+02 1.11187004e+03
 7.25000000e+02 1.00538904e+03
 7.26000000e+02 1.01235009e+03
 7.27000000e+02 1.10026182e+03
 7.28000000e+02 1.04842994e+03
 7.29000000e+02 1.06554955e+03
 7.30000000e+02 9.84456307e+02
 7.31000000e+02 1.06957182e+03
 7.32000000e+02 1.02685301e+03
 7.33000000e+02 1.04669933e+03
 7.34000000e+02 1.03269548e+03
 7.35000000e+02 9.79248009e+02
 7.36000000e+02 9.80153612e+02
 7.37000000e+02 1.04338659e+03
 7.38000000e+02 1.04773451e+03
 7.39000000e+02 1.03588182e+03
 7.40000000e+02 9.70357682e+02
 7.41000000e+02 9.33596836e+02
 7.42000000e+02 1.04475157e+03
 7.43000000e+02 1.03953924e+03
 7.44000000e+02 1.04513440e+03
 7.45000000e+02 1.05521518e+03
 7.46000000e+02 9.76438619e+02
 7.47000000e+02 9.56282274e+02
 7.48000000e+02 1.03655022e+03
 7.49000000e+02 1.01557269e+03
 7.50000000e+02 9.76779397e+02
 7.51000000e+02 9.86211208e+02
 7.52000000e+02 9.80460761e+02
 7.53000000e+02 9.73344448e+02
 7.54000000e+02 9.59169067e+02
 7.55000000e+02 1.02798239e+03
 7.56000000e+02 9.81642239e+02
 7.57000000e+02 1.02623452e+03
 7.58000000e+02 9.78449806e+02
 7.59000000e+02 1.04513936e+03
 7.60000000e+02 1.02238950e+03
 7.61000000e+02 1.04965423e+03
 7.62000000e+02 1.01582043e+03
 7.63000000e+02 1.04158539e+03
 7.64000000e+02 1.04139894e+03
 7.65000000e+02 9.93994427e+02
 7.66000000e+02 1.05396580e+03
 7.67000000e+02 9.81998674e+02
 7.68000000e+02 1.06698968e+03
 7.69000000e+02 1.00856545e+03
 7.70000000e+02 1.14924259e+03
 7.71000000e+02 1.00658885e+03
 7.72000000e+02 1.00992583e+03
 7.73000000e+02 9.78933951e+02
 7.74000000e+02 1.09621788e+03
 7.75000000e+02 9.68314853e+02
 7.76000000e+02 9.92239212e+02
 7.77000000e+02 1.02240588e+03
 7.78000000e+02 1.02394226e+03
 7.79000000e+02 1.00602740e+03
 7.80000000e+02 1.02081455e+03
 7.81000000e+02 9.95547931e+02
 7.82000000e+02 1.04284294e+03
 7.83000000e+02 1.02080985e+03
 7.84000000e+02 1.00946668e+03
 7.85000000e+02 1.06582063e+03
 7.86000000e+02 1.01524583e+03
 7.87000000e+02 9.89668030e+02
 7.88000000e+02 9.72070868e+02
 7.89000000e+02 9.98220820e+02
 7.90000000e+02 9.95259199e+02
 7.91000000e+02 9.84316704e+02
 7.92000000e+02 1.02486235e+03
 7.93000000e+02 1.03597756e+03
 7.94000000e+02 1.01715078e+03
 7.95000000e+02 1.03792348e+03
 7.96000000e+02 1.01262930e+03
 7.97000000e+02 1.04744568e+03
 7.98000000e+02 9.83415351e+02
 7.99000000e+02 1.05138533e+03
 8.00000000e+02 1.04041082e+03
 8.01000000e+02 1.03490099e+03
 8.02000000e+02 1.00826548e+03
 8.03000000e+02 9.76820551e+02
 8.04000000e+02 1.09190102e+03
 8.05000000e+02 1.03188218e+03
 8.06000000e+02 1.01873316e+03
 8.07000000e+02 1.08265310e+03
 8.08000000e+02 1.05425218e+03
 8.09000000e+02 1.00151639e+03
 8.10000000e+02 1.08546981e+03
 8.11000000e+02 1.01216088e+03
 8.12000000e+02 1.01821066e+03
 8.13000000e+02 1.04717920e+03
 8.14000000e+02 1.00706973e+03
 8.15000000e+02 1.03033053e+03
 8.16000000e+02 1.04017433e+03
 8.17000000e+02 1.05874044e+03
 8.18000000e+02 1.03130591e+03
 8.19000000e+02 1.08755423e+03
 8.20000000e+02 1.01629247e+03
 8.21000000e+02 1.00487516e+03
 8.22000000e+02 1.05376483e+03
 8.23000000e+02 9.89566469e+02
 8.24000000e+02 1.05231265e+03
 8.25000000e+02 1.00489337e+03
 8.26000000e+02 9.97019179e+02
 8.27000000e+02 1.06879543e+03
 8.28000000e+02 1.03329178e+03
 8.29000000e+02 9.76962803e+02
 8.30000000e+02 1.01044403e+03
 8.31000000e+02 1.05024406e+03
 8.32000000e+02 1.01961817e+03
 8.33000000e+02 1.00956625e+03
 8.34000000e+02 9.80446408e+02
 8.35000000e+02 1.08999256e+03
 8.36000000e+02 1.00587255e+03
 8.37000000e+02 1.03282330e+03
 8.38000000e+02 9.97713788e+02
 8.39000000e+02 9.96206325e+02
 8.40000000e+02 1.00329801e+03
 8.41000000e+02 1.05493454e+03
 8.42000000e+02 1.01508417e+03
 8.43000000e+02 1.02804681e+03
 8.44000000e+02 1.05020483e+03
 8.45000000e+02 1.02166633e+03
 8.46000000e+02 1.06756510e+03
 8.47000000e+02 1.03603278e+03
 8.48000000e+02 9.93489090e+02
 8.49000000e+02 1.05554435e+03
 8.50000000e+02 1.00792184e+03
 8.51000000e+02 1.06849043e+03
 8.52000000e+02 1.07223840e+03
 8.53000000e+02 1.00263928e+03
 8.54000000e+02 1.03088989e+03
 8.55000000e+02 1.05227502e+03
 8.56000000e+02 1.03865202e+03
 8.57000000e+02 1.03272582e+03
 8.58000000e+02 1.04437824e+03
 8.59000000e+02 1.06376373e+03
 8.60000000e+02 9.97347338e+02
 8.61000000e+02 1.02810920e+03
 8.62000000e+02 9.78026570e+02
 8.63000000e+02 1.06662201e+03
 8.64000000e+02 1.00204042e+03
 8.65000000e+02 9.79532966e+02
 8.66000000e+02 1.02026952e+03
 8.67000000e+02 1.06178398e+03
 8.68000000e+02 9.71881775e+02
 8.69000000e+02 1.00609311e+03
 8.70000000e+02 9.62975019e+02
 8.71000000e+02 9.87635344e+02
 8.72000000e+02 9.92576189e+02
 8.73000000e+02 1.00540590e+03
 8.74000000e+02 1.02072865e+03
 8.75000000e+02 1.00535888e+03
 8.76000000e+02 1.00597262e+03
 8.77000000e+02 9.73988120e+02
 8.78000000e+02 1.00258945e+03
 8.79000000e+02 9.80819872e+02
 8.80000000e+02 9.53696732e+02
 8.81000000e+02 1.00962557e+03
 8.82000000e+02 1.04445618e+03
 8.83000000e+02 1.00675882e+03
 8.84000000e+02 1.04577588e+03
 8.85000000e+02 1.02806708e+03
 8.86000000e+02 1.03952065e+03
 8.87000000e+02 1.05817777e+03
 8.88000000e+02 1.05317772e+03
 8.89000000e+02 1.08250181e+03
 8.90000000e+02 1.04541306e+03
 8.91000000e+02 1.02663761e+03
 8.92000000e+02 1.04088647e+03
 8.93000000e+02 1.09722110e+03
 8.94000000e+02 1.03699114e+03
 8.95000000e+02 1.04529065e+03
 8.96000000e+02 1.05342667e+03
 8.97000000e+02 1.03578164e+03
 8.98000000e+02 1.01953204e+03
 8.99000000e+02 1.03897336e+03
 9.00000000e+02 1.01641986e+03
 9.01000000e+02 9.87409133e+02
 9.02000000e+02 1.05757720e+03
 9.03000000e+02 1.04156418e+03
 9.04000000e+02 1.03361367e+03
 9.05000000e+02 1.02997282e+03
 9.06000000e+02 9.92458634e+02
 9.07000000e+02 9.83940138e+02
 9.08000000e+02 1.03824252e+03
 9.09000000e+02 9.58272355e+02
 9.10000000e+02 1.01710453e+03
 9.11000000e+02 9.76988621e+02
 9.12000000e+02 9.95490159e+02
 9.13000000e+02 9.75351734e+02
 9.14000000e+02 1.07194258e+03
 9.15000000e+02 9.78382074e+02
 9.16000000e+02 9.37711203e+02
 9.17000000e+02 1.02412967e+03
 9.18000000e+02 1.02052724e+03
 9.19000000e+02 1.01002932e+03
 9.20000000e+02 1.06239812e+03
 9.21000000e+02 1.10991739e+03
 9.22000000e+02 1.08105677e+03
 9.23000000e+02 1.04768062e+03
 9.24000000e+02 1.05727660e+03
 9.25000000e+02 1.06855915e+03
 9.26000000e+02 1.02109679e+03
 9.27000000e+02 1.10669399e+03
 9.28000000e+02 1.07352280e+03
 9.29000000e+02 1.01565362e+03
 9.30000000e+02 1.05512907e+03
 9.31000000e+02 1.06955071e+03
 9.32000000e+02 1.03517137e+03
 9.33000000e+02 1.04762555e+03
 9.34000000e+02 1.11453997e+03
 9.35000000e+02 1.04196914e+03
 9.36000000e+02 1.10282480e+03
 9.37000000e+02 1.07048829e+03
 9.38000000e+02 1.05113570e+03
 9.39000000e+02 1.05160288e+03
 9.40000000e+02 9.95241696e+02
 9.41000000e+02 1.04335024e+03
 9.42000000e+02 1.06352331e+03
 9.43000000e+02 9.45302533e+02
 9.44000000e+02 1.03079067e+03
 9.45000000e+02 1.02887315e+03
 9.46000000e+02 1.03358938e+03
 9.47000000e+02 1.09745210e+03
 9.48000000e+02 9.81069989e+02
 9.49000000e+02 9.90657332e+02
 9.50000000e+02 1.04488322e+03
 9.51000000e+02 9.63603423e+02
 9.52000000e+02 1.03433039e+03
 9.53000000e+02 1.00383511e+03
 9.54000000e+02 1.02321013e+03
 9.55000000e+02 1.04842179e+03
 9.56000000e+02 9.33871537e+02
 9.57000000e+02 9.77999294e+02
 9.58000000e+02 1.04723950e+03
 9.59000000e+02 1.00178951e+03
 9.60000000e+02 1.05351663e+03
 9.61000000e+02 1.05306361e+03
 9.62000000e+02 1.06210061e+03
 9.63000000e+02 1.05838492e+03
 9.64000000e+02 1.00967279e+03
 9.65000000e+02 1.05116016e+03
 9.66000000e+02 1.02470950e+03
 9.67000000e+02 1.06571513e+03
 9.68000000e+02 1.07019541e+03
 9.69000000e+02 1.13438970e+03
 9.70000000e+02 1.06583841e+03
 9.71000000e+02 1.09259042e+03
 9.72000000e+02 1.07945222e+03
 9.73000000e+02 1.02492464e+03
 9.74000000e+02 1.04302735e+03
 9.75000000e+02 1.02968644e+03
 9.76000000e+02 1.02327527e+03
 9.77000000e+02 1.02665203e+03
 9.78000000e+02 9.96409443e+02
 9.79000000e+02 1.00656982e+03
 9.80000000e+02 1.02145894e+03
 9.81000000e+02 1.07495077e+03
 9.82000000e+02 1.03971691e+03
 9.83000000e+02 1.03391736e+03
 9.84000000e+02 9.85426582e+02
 9.85000000e+02 1.07143186e+03
 9.86000000e+02 1.00901248e+03
 9.87000000e+02 9.79482899e+02
 9.88000000e+02 1.02439635e+03
 9.89000000e+02 1.03935885e+03
 9.90000000e+02 1.04885740e+03
 9.91000000e+02 9.88532352e+02
 9.92000000e+02 1.06515980e+03
 9.93000000e+02 1.02683098e+03
 9.94000000e+02 1.03272318e+03
 9.95000000e+02 1.00292909e+03
 9.96000000e+02 1.00610425e+03
 9.97000000e+02 1.01134305e+03
 9.98000000e+02 1.01311659e+03
 9.99000000e+02 1.00082958e+03
